"Loop_ID" "CAPSULE_FILE" "DT_dist_THRESHOLD_BL" "MAX_INTERACTION_GAP" "DISAGREEMENT_THRESH" "DT_frame_THRESHOLD" "trim_length_sec" "beta" "classifier" "CSI_pre_classifier" "Fbeta_pre_classifier" "precision_pre_classifier" "sensitivity_pre_classifier" "CSI_training" "Fbeta_training" "precision_training" "sensitivity_training" "CSI_test" "Fbeta_test" "precision_test" "sensitivity_test"
41001 "CapsuleDef4" 0.003 35 0.5 32 0 1 "fit_RF_all" 0.169476575906941 0.289833211538264 0.171918949392885 0.922657342657343 0.67 0.803 0.785 0.821 0.49 0.657 0.652 0.663
41001 "CapsuleDef4" 0.003 35 0.5 32 0 1 "fit_RF_sbc" 0.169476575906941 0.289833211538264 0.171918949392885 0.922657342657343 0.223 0.365 0.227 0.925 0.148 0.258 0.151 0.881
41001 "CapsuleDef4" 0.003 35 0.5 32 0 1 "fit_RF_ros" 0.169476575906941 0.289833211538264 0.171918949392885 0.922657342657343 0.67 0.803 0.785 0.821 0.475 0.644 0.616 0.676
41001 "CapsuleDef4" 0.003 35 0.5 32 0 1 "fit_RF_rus" 0.169476575906941 0.289833211538264 0.171918949392885 0.922657342657343 0.395 0.567 0.413 0.904 0.298 0.459 0.315 0.849
41001 "CapsuleDef4" 0.003 35 0.5 32 0 1 "fit_RF_smote" 0.169476575906941 0.289833211538264 0.171918949392885 0.922657342657343 0.67 0.803 0.785 0.821 0.43 0.602 0.495 0.766
41001 "CapsuleDef4" 0.003 35 0.5 32 0 1 "fit_RF_borderline_smote_type1" 0.169476575906941 0.289833211538264 0.171918949392885 0.922657342657343 0.67 0.803 0.785 0.821 0.451 0.621 0.529 0.752
41001 "CapsuleDef4" 0.003 35 0.5 32 0 1 "fit_RF_borderline_smote_type2" 0.169476575906941 0.289833211538264 0.171918949392885 0.922657342657343 0.67 0.803 0.785 0.821 0.483 0.651 0.599 0.714
41001 "CapsuleDef4" 0.003 35 0.5 32 0 1 "fit_SVM_all" 0.169476575906941 0.289833211538264 0.171918949392885 0.922657342657343 0.577 0.732 0.704 0.761 0.441 0.612 0.545 0.698
41001 "CapsuleDef4" 0.003 35 0.5 32 0 1 "fit_SVM_sbc" 0.169476575906941 0.289833211538264 0.171918949392885 0.922657342657343 0.229 0.373 0.233 0.924 0.151 0.262 0.154 0.88
41001 "CapsuleDef4" 0.003 35 0.5 32 0 1 "fit_SVM_ros" 0.169476575906941 0.289833211538264 0.171918949392885 0.922657342657343 0.57 0.726 0.621 0.874 0.371 0.541 0.432 0.724
41001 "CapsuleDef4" 0.003 35 0.5 32 0 1 "fit_SVM_rus" 0.169476575906941 0.289833211538264 0.171918949392885 0.922657342657343 0.352 0.52 0.365 0.907 0.231 0.376 0.243 0.821
41001 "CapsuleDef4" 0.003 35 0.5 32 0 1 "fit_SVM_smote" 0.169476575906941 0.289833211538264 0.171918949392885 0.922657342657343 0.566 0.723 0.62 0.867 0.382 0.553 0.449 0.719
41001 "CapsuleDef4" 0.003 35 0.5 32 0 1 "fit_SVM_borderline_smote_type1" 0.169476575906941 0.289833211538264 0.171918949392885 0.922657342657343 0.57 0.726 0.628 0.861 0.364 0.534 0.428 0.708
41001 "CapsuleDef4" 0.003 35 0.5 32 0 1 "fit_SVM_borderline_smote_type2" 0.169476575906941 0.289833211538264 0.171918949392885 0.922657342657343 0.591 0.743 0.66 0.849 0.394 0.565 0.472 0.704
41002 "CapsuleDef4" 0.003 35 0.5 32 3 1 "fit_RF_all" 0.169476575906941 0.289833211538264 0.171918949392885 0.922657342657343 0.651 0.789 0.786 0.791 0.491 0.658 0.673 0.645
41002 "CapsuleDef4" 0.003 35 0.5 32 3 1 "fit_RF_sbc" 0.169476575906941 0.289833211538264 0.171918949392885 0.922657342657343 0.406 0.577 0.427 0.892 0.313 0.477 0.332 0.846
41002 "CapsuleDef4" 0.003 35 0.5 32 3 1 "fit_RF_ros" 0.169476575906941 0.289833211538264 0.171918949392885 0.922657342657343 0.618 0.764 0.784 0.744 0.482 0.65 0.634 0.667
41002 "CapsuleDef4" 0.003 35 0.5 32 3 1 "fit_RF_rus" 0.169476575906941 0.289833211538264 0.171918949392885 0.922657342657343 0.468 0.638 0.499 0.885 0.372 0.543 0.404 0.827
41002 "CapsuleDef4" 0.003 35 0.5 32 3 1 "fit_RF_smote" 0.169476575906941 0.289833211538264 0.171918949392885 0.922657342657343 0.665 0.799 0.785 0.812 0.468 0.637 0.557 0.746
41002 "CapsuleDef4" 0.003 35 0.5 32 3 1 "fit_RF_borderline_smote_type1" 0.169476575906941 0.289833211538264 0.171918949392885 0.922657342657343 0.648 0.786 0.785 0.788 0.461 0.631 0.556 0.729
41002 "CapsuleDef4" 0.003 35 0.5 32 3 1 "fit_RF_borderline_smote_type2" 0.169476575906941 0.289833211538264 0.171918949392885 0.922657342657343 0.656 0.792 0.785 0.8 0.481 0.65 0.617 0.687
41002 "CapsuleDef4" 0.003 35 0.5 32 3 1 "fit_SVM_all" 0.169476575906941 0.289833211538264 0.171918949392885 0.922657342657343 0.525 0.688 0.716 0.663 0.506 0.672 0.671 0.672
41002 "CapsuleDef4" 0.003 35 0.5 32 3 1 "fit_SVM_sbc" 0.169476575906941 0.289833211538264 0.171918949392885 0.922657342657343 0.339 0.506 0.353 0.894 0.263 0.416 0.275 0.853
41002 "CapsuleDef4" 0.003 35 0.5 32 3 1 "fit_SVM_ros" 0.169476575906941 0.289833211538264 0.171918949392885 0.922657342657343 0.481 0.65 0.541 0.813 0.4 0.571 0.46 0.753
41002 "CapsuleDef4" 0.003 35 0.5 32 3 1 "fit_SVM_rus" 0.169476575906941 0.289833211538264 0.171918949392885 0.922657342657343 0.423 0.595 0.45 0.876 0.372 0.542 0.41 0.8
41002 "CapsuleDef4" 0.003 35 0.5 32 3 1 "fit_SVM_smote" 0.169476575906941 0.289833211538264 0.171918949392885 0.922657342657343 0.505 0.671 0.586 0.784 0.451 0.622 0.532 0.748
41002 "CapsuleDef4" 0.003 35 0.5 32 3 1 "fit_SVM_borderline_smote_type1" 0.169476575906941 0.289833211538264 0.171918949392885 0.922657342657343 0.498 0.665 0.574 0.79 0.439 0.61 0.52 0.738
41002 "CapsuleDef4" 0.003 35 0.5 32 3 1 "fit_SVM_borderline_smote_type2" 0.169476575906941 0.289833211538264 0.171918949392885 0.922657342657343 0.515 0.68 0.619 0.754 0.471 0.64 0.578 0.718
41003 "CapsuleDef4" 0.003 35 0.5 32 4 1 "fit_RF_all" 0.169476575906941 0.289833211538264 0.171918949392885 0.922657342657343 0.657 0.793 0.786 0.8 0.466 0.636 0.653 0.62
41003 "CapsuleDef4" 0.003 35 0.5 32 4 1 "fit_RF_sbc" 0.169476575906941 0.289833211538264 0.171918949392885 0.922657342657343 0.397 0.568 0.418 0.888 0.308 0.47 0.327 0.836
41003 "CapsuleDef4" 0.003 35 0.5 32 4 1 "fit_RF_ros" 0.169476575906941 0.289833211538264 0.171918949392885 0.922657342657343 0.638 0.779 0.786 0.772 0.442 0.613 0.583 0.647
41003 "CapsuleDef4" 0.003 35 0.5 32 4 1 "fit_RF_rus" 0.169476575906941 0.289833211538264 0.171918949392885 0.922657342657343 0.487 0.655 0.523 0.877 0.381 0.551 0.418 0.809
41003 "CapsuleDef4" 0.003 35 0.5 32 4 1 "fit_RF_smote" 0.169476575906941 0.289833211538264 0.171918949392885 0.922657342657343 0.666 0.8 0.784 0.816 0.458 0.628 0.541 0.748
41003 "CapsuleDef4" 0.003 35 0.5 32 4 1 "fit_RF_borderline_smote_type1" 0.169476575906941 0.289833211538264 0.171918949392885 0.922657342657343 0.624 0.769 0.782 0.756 0.436 0.607 0.541 0.692
41003 "CapsuleDef4" 0.003 35 0.5 32 4 1 "fit_RF_borderline_smote_type2" 0.169476575906941 0.289833211538264 0.171918949392885 0.922657342657343 0.644 0.784 0.785 0.782 0.478 0.646 0.604 0.696
41003 "CapsuleDef4" 0.003 35 0.5 32 4 1 "fit_SVM_all" 0.169476575906941 0.289833211538264 0.171918949392885 0.922657342657343 0.516 0.681 0.701 0.661 0.478 0.647 0.663 0.632
41003 "CapsuleDef4" 0.003 35 0.5 32 4 1 "fit_SVM_sbc" 0.169476575906941 0.289833211538264 0.171918949392885 0.922657342657343 0.343 0.511 0.358 0.889 0.271 0.427 0.288 0.825
41003 "CapsuleDef4" 0.003 35 0.5 32 4 1 "fit_SVM_ros" 0.169476575906941 0.289833211538264 0.171918949392885 0.922657342657343 0.505 0.671 0.576 0.804 0.379 0.55 0.443 0.725
41003 "CapsuleDef4" 0.003 35 0.5 32 4 1 "fit_SVM_rus" 0.169476575906941 0.289833211538264 0.171918949392885 0.922657342657343 0.447 0.618 0.484 0.855 0.351 0.52 0.388 0.787
41003 "CapsuleDef4" 0.003 35 0.5 32 4 1 "fit_SVM_smote" 0.169476575906941 0.289833211538264 0.171918949392885 0.922657342657343 0.513 0.678 0.607 0.769 0.43 0.602 0.511 0.731
41003 "CapsuleDef4" 0.003 35 0.5 32 4 1 "fit_SVM_borderline_smote_type1" 0.169476575906941 0.289833211538264 0.171918949392885 0.922657342657343 0.52 0.684 0.614 0.772 0.406 0.577 0.494 0.695
41003 "CapsuleDef4" 0.003 35 0.5 32 4 1 "fit_SVM_borderline_smote_type2" 0.169476575906941 0.289833211538264 0.171918949392885 0.922657342657343 0.53 0.693 0.663 0.726 0.454 0.624 0.584 0.671
41004 "CapsuleDef4" 0.003 35 0.5 32 6 1 "fit_RF_all" 0.169476575906941 0.289833211538264 0.171918949392885 0.922657342657343 0.651 0.789 0.785 0.793 0.474 0.643 0.672 0.617
41004 "CapsuleDef4" 0.003 35 0.5 32 6 1 "fit_RF_sbc" 0.169476575906941 0.289833211538264 0.171918949392885 0.922657342657343 0.435 0.606 0.463 0.875 0.344 0.511 0.369 0.831
41004 "CapsuleDef4" 0.003 35 0.5 32 6 1 "fit_RF_ros" 0.169476575906941 0.289833211538264 0.171918949392885 0.922657342657343 0.634 0.776 0.786 0.767 0.465 0.635 0.614 0.657
41004 "CapsuleDef4" 0.003 35 0.5 32 6 1 "fit_RF_rus" 0.169476575906941 0.289833211538264 0.171918949392885 0.922657342657343 0.486 0.654 0.527 0.862 0.404 0.575 0.446 0.808
41004 "CapsuleDef4" 0.003 35 0.5 32 6 1 "fit_RF_smote" 0.169476575906941 0.289833211538264 0.171918949392885 0.922657342657343 0.654 0.791 0.783 0.799 0.458 0.628 0.552 0.728
41004 "CapsuleDef4" 0.003 35 0.5 32 6 1 "fit_RF_borderline_smote_type1" 0.169476575906941 0.289833211538264 0.171918949392885 0.922657342657343 0.637 0.778 0.784 0.773 0.449 0.62 0.551 0.709
41004 "CapsuleDef4" 0.003 35 0.5 32 6 1 "fit_RF_borderline_smote_type2" 0.169476575906941 0.289833211538264 0.171918949392885 0.922657342657343 0.636 0.777 0.784 0.771 0.484 0.652 0.62 0.688
41004 "CapsuleDef4" 0.003 35 0.5 32 6 1 "fit_SVM_all" 0.169476575906941 0.289833211538264 0.171918949392885 0.922657342657343 0.516 0.681 0.701 0.663 0.433 0.604 0.582 0.629
41004 "CapsuleDef4" 0.003 35 0.5 32 6 1 "fit_SVM_sbc" 0.169476575906941 0.289833211538264 0.171918949392885 0.922657342657343 0.364 0.534 0.384 0.875 0.3 0.461 0.322 0.813
41004 "CapsuleDef4" 0.003 35 0.5 32 6 1 "fit_SVM_ros" 0.169476575906941 0.289833211538264 0.171918949392885 0.922657342657343 0.475 0.644 0.541 0.796 0.401 0.572 0.453 0.778
41004 "CapsuleDef4" 0.003 35 0.5 32 6 1 "fit_SVM_rus" 0.169476575906941 0.289833211538264 0.171918949392885 0.922657342657343 0.417 0.588 0.451 0.846 0.33 0.496 0.365 0.777
41004 "CapsuleDef4" 0.003 35 0.5 32 6 1 "fit_SVM_smote" 0.169476575906941 0.289833211538264 0.171918949392885 0.922657342657343 0.483 0.652 0.572 0.757 0.394 0.565 0.455 0.744
41004 "CapsuleDef4" 0.003 35 0.5 32 6 1 "fit_SVM_borderline_smote_type1" 0.169476575906941 0.289833211538264 0.171918949392885 0.922657342657343 0.484 0.652 0.577 0.75 0.402 0.573 0.486 0.698
41004 "CapsuleDef4" 0.003 35 0.5 32 6 1 "fit_SVM_borderline_smote_type2" 0.169476575906941 0.289833211538264 0.171918949392885 0.922657342657343 0.508 0.674 0.621 0.736 0.42 0.591 0.514 0.695
