"1 minus 2"=c(0,0,0,0,0,0,-1,0,0,0,0,0,0,0,0,0)
,
"1 minus 3"=c(0,0,0,0,0,0,0,-1,0,0,0,0,0,0,0,0)
,
"1 minus 4"=c(0,0,0,0,0,0,0,0,-1,0,0,0,0,0,0,0)
,
"1 minus 5"=c(0,0,0,0,0,0,0,0,0,-1,0,0,0,0,0,0)
,
"1 minus 6"=c(0,0,0,0,0,0,-1,0,0,-1,0,0,0,-1,0,0)
,
"1 minus 7"=c(0,0,0,0,0,0,0,-1,0,-1,0,0,0,0,-1,0)
,
"1 minus 8"=c(0,0,0,0,0,0,0,0,-1,-1,0,0,0,0,0,-1)
,
"2 minus 3"=c(0,0,0,0,0,0,1,-1,0,0,0,0,0,0,0,0)
,
"2 minus 4"=c(0,0,0,0,0,0,1,0,-1,0,0,0,0,0,0,0)
,
"2 minus 5"=c(0,0,0,0,0,0,1,0,0,-1,0,0,0,0,0,0)
,
"2 minus 6"=c(0,0,0,0,0,0,0,0,0,-1,0,0,0,-1,0,0)
,
"2 minus 7"=c(0,0,0,0,0,0,1,-1,0,-1,0,0,0,0,-1,0)
,
"2 minus 8"=c(0,0,0,0,0,0,1,0,-1,-1,0,0,0,0,0,-1)
,
"3 minus 4"=c(0,0,0,0,0,0,0,1,-1,0,0,0,0,0,0,0)
,
"3 minus 5"=c(0,0,0,0,0,0,0,1,0,-1,0,0,0,0,0,0)
,
"3 minus 6"=c(0,0,0,0,0,0,-1,1,0,-1,0,0,0,-1,0,0)
,
"3 minus 7"=c(0,0,0,0,0,0,0,0,0,-1,0,0,0,0,-1,0)
,
"3 minus 8"=c(0,0,0,0,0,0,0,1,-1,-1,0,0,0,0,0,-1)
,
"4 minus 5"=c(0,0,0,0,0,0,0,0,1,-1,0,0,0,0,0,0)
,
"4 minus 6"=c(0,0,0,0,0,0,-1,0,1,-1,0,0,0,-1,0,0)
,
"4 minus 7"=c(0,0,0,0,0,0,0,-1,1,-1,0,0,0,0,-1,0)
,
"4 minus 8"=c(0,0,0,0,0,0,0,0,0,-1,0,0,0,0,0,-1)
,
"5 minus 6"=c(0,0,0,0,0,0,-1,0,0,0,0,0,0,-1,0,0)
,
"5 minus 7"=c(0,0,0,0,0,0,0,-1,0,0,0,0,0,0,-1,0)
,
"5 minus 8"=c(0,0,0,0,0,0,0,0,-1,0,0,0,0,0,0,-1)
,
"6 minus 7"=c(0,0,0,0,0,0,1,-1,0,0,0,0,0,1,-1,0)
,
"6 minus 8"=c(0,0,0,0,0,0,1,0,-1,0,0,0,0,1,0,-1)
,
"7 minus 8"=c(0,0,0,0,0,0,0,1,-1,0,0,0,0,0,1,-1)


